1 0 9 3 0
2 0 3 0 0
3 0 9 0 0
4 0 3 2 0
5 0 9 2 0
6 1 6 3 0
7 1 7 3 0
8 1 8 3 0
9 1 9 3 0
10 1 10 3 0
11 1 13 3 0
12 1 7 0 0
13 1 8 0 0
14 1 8 0 0
15 1 9 0 0
16 1 9 0 0
17 1 10 0 0
18 1 10 0 0
19 1 10 1 0
20 1 10 1 0
21 1 11 1 0
22 1 2 2 0
23 1 3 2 0
24 1 4 2 0
25 1 5 2 0
26 1 6 2 0
27 1 7 2 0
28 1 8 2 0
29 1 8 2 0
30 1 9 2 0
31 1 9 2 0
32 1 10 2 0
33 1 10 2 0
34 1 11 2 0
35 1 11 2 0
36 2 4 3 0
37 2 5 3 0
38 2 4 1 0
39 2 7 1 0
40 2 10 1 0
41 3 4 0 0
42 3 5 0 0
43 3 6 0 0
44 3 7 0 0
45 3 8 0 0
46 3 5 2 0
47 3 6 2 0
48 3 7 2 0
49 3 8 2 0
50 4 6 3 0
51 4 7 3 0
52 4 8 3 0
53 4 10 3 0
54 4 10 3 0
55 4 2 3 0
56 4 2 3 0
57 4 3 3 0
58 4 4 3 0
59 4 5 3 0
60 4 6 3 0
61 4 7 3 0
62 4 8 3 0
63 4 9 3 0
64 4 10 3 0
65 4 11 3 0
66 4 11 3 0
67 4 8 1 0
68 4 9 1 0
70 4 11 1 0
71 4 12 1 0
72 4 2 1 0
73 4 2 1 0
74 4 13 1 0
75 5 2 3 0
76 5 6 3 0
77 5 12 3 0
78 5 5 1 0
79 5 6 1 0
80 5 3 1 0
81 5 4 1 0
82 5 6 1 0
83 5 7 1 0
84 5 8 1 0
85 5 9 1 0
86 5 12 1 0
87 6 10 0 1
88 6 4 2 1
89 7 3 0 1
90 7 4 0 1
91 7 12 0 1
92 7 12 1 1
93 7 3 2 1
94 7 4 2 1
95 12 7 0 1
96 12 13 0 1
97 12 7 2 1
98 17 1 1 1
99 17 13 0 1
100 17 11 0 1
101 19 7 1 1
102 19 8 1 1
103 19 9 1 1
104 19 11 1 1
105 11 6 0 1
106 11 6 1 1
107 11 6 2 1
108 14 3 3 1
109 14 4 3 1
110 14 3 0 1
111 14 4 0 1
112 14 11 0 1
113 23 2 2 3
114 24 2 0 3
115 24 2 2 3
116 26 5 1 4
117 26 13 0 4
118 26 13 3 4
119 25 5 1 5
120 25 13 0 5
121 25 13 3 5
122 28 2 0 2
123 30 12 3 2
124 27 1 0 2
125 29 5 3 2
126 28 2 0 2
127 31 5 1 2
128 29 5 0 2
129 28 2 0 2
130 29 12 3 2
131 29 12 0 2
132 30 1 3 2
133 32 1 3 2
134 32 1 2 2
